6	2	10	50	100	-1p	4.0E+06
8	2	0.2	50	100	-2p	8.0E+04
8	3	50	60	100	+1n	2.4E+07
9	3	10	50	100	-1p	4.0E+06
11	3	0.01	50	100	-3p	4.0E+03
7	4	50	80	100	+1p	3.2E+07
10	4	50	60	100	+1n	2.4E+07
11	4	50	60	100	+1n	2.4E+07
12	4	0.2	50	100	-2p	8.0E+04
8	5	1	20	100	+2p	1.6E+05
12	5	50	60	100	+1n	2.4E+07
13	5	10	50	100	-1p	4.0E+06
14	5	0.05	50	100	n,p	2.0E+04
10	6	15	50	100	p,n	6.0E+06
11	6	100	50	100	p,n	4.0E+07
15	6	50	60	100	+1n	2.4E+07
16	6	1	80	100	+2n	6.4E+05
12	7	1.4	50	100	p,n	5.6E+05
13	7	50	80	100	+1p	3.2E+07
16	7	50	60	100	+1n	2.4E+07
17	7	10	50	100	-1p	4.0E+06
18	7	0.05	50	100	n,p	2.0E+04
14	8	30	50	100	p,n	1.2E+07
15	8	50	80	100	+1p	3.2E+07
19	8	50	60	100	+1n	2.4E+07
20	8	1	80	100	+2n	6.4E+05
17	9	50	80	100	+1p	3.2E+07
18	9	50	80	100	+1p	3.2E+07
20	9	50	60	100	+1n	2.4E+07
21	9	10	50	100	-1p	4.0E+06
22	9	0.05	50	100	n,p	2.0E+04
18	10	1	40	100	+2p	3.2E+05
19	10	15	50	100	p,n	6.0E+06
23	10	50	56	100	+1n	2.3E+07
24	10	1	80	100	+2n	6.4E+05
20	11	0.5	50	95	p,n	1.9E+05
21	11	50	80	95	+1p	3.1E+07
22	11	50	80	95	+1p	3.1E+07
24	11	50	55	95	+1n	2.1E+07
25	11	10	50	95	-1p	3.8E+06
26	11	0.05	50	95	n,p	1.9E+04
22	12	1	48	90	+2p	3.5E+05
23	12	10	56	90	+1n	4.1E+06
27	12	50	52	90	+1n	1.9E+07
28	12	1	80	90	+2n	5.8E+05
24	13	0.4	50	86	p,n	1.4E+05
25	13	50	80	86	+1p	2.7E+07
26	13	50	80	86	+1p	2.7E+07
28	13	50	50	86	+1n	1.7E+07
29	13	10	50	86	-1p	3.4E+06
30	13	0.05	50	86	n,p	1.7E+04
26	14	1	56	81	+2p	3.6E+05
27	14	10	52	81	+1n	3.3E+06
31	14	50	47	81	+1n	1.5E+07
32	14	1	80	81	+2n	5.2E+05
33	14	0.2	50	81	-2p	6.5E+04
34	14	0.2	50	81	-2p	6.5E+04
28	15	0.3	50	76	p,n	9.2E+04
29	15	50	80	76	+1p	2.4E+07
30	15	50	80	76	+1p	2.4E+07
32	15	50	46	76	+1n	1.4E+07
33	15	10	50	76	-1p	3.1E+06
34	15	20	50	76	-1p	6.1E+06
35	15	10	50	76	-1p	3.1E+06
36	15	0.05	50	76	n,p	1.5E+04
30	16	1	64	72	+2p	3.7E+05
31	16	10	47	72	+1n	2.7E+06
35	16	50	42	72	+1n	1.2E+07
37	16	50	40	72	+1n	1.1E+07
38	16	1	80	72	+2n	4.6E+05
32	17	0.4	50	67	p,n	1.1E+05
33	17	50	80	67	+1p	2.1E+07
34	17	50	80	67	+1p	2.1E+07
35	17	50	80	67	+1p	2.1E+07
36	17	50	41	67	+1n	1.1E+07
38	17	50	38	67	+1n	1.0E+07
39	17	10	50	67	-1p	2.7E+06
40	17	0.05	50	67	n,p	1.3E+04
34	18	1	72	62	+2p	3.6E+05
35	18	10	42	62	+1n	2.1E+06
37	18	50	40	62	+1n	9.8E+06
39	18	50	37	62	+1n	9.2E+06
41	18	50	35	62	+1n	8.6E+06
42	18	1	80	62	+2n	4.0E+05
43	18	0.2	50	62	-2p	5.0E+04
44	18	0.2	50	62	-2p	5.0E+04
45	18	0.2	50	62	-2p	5.0E+04
46	18	0.2	50	62	-2p	5.0E+04
36	19	0.3	50	57	p,n	6.9E+04
37	19	50	80	57	+1p	1.8E+07
38	19	10	38	57	+1n	1.8E+06
40	19	10	38	57	+1n	1.8E+06
42	19	50	34	57	+1n	7.7E+06
43	19	10	50	57	-1p	2.3E+06
44	19	20	50	57	-1p	4.6E+06
45	19	10	50	57	-1p	2.3E+06
46	19	20	50	57	-1p	4.6E+06
47	19	10	50	57	-1p	2.3E+06
48	19	0.05	50	57	n,p	1.1E+04
38	20	1	80	52	+2p	3.4E+05
39	20	10	37	52	+1n	1.6E+06
41	20	50	80	52	+1p	1.7E+07
45	20	50	30	52	+1n	6.3E+06
47	20	50	28	52	+1n	5.8E+06
49	20	50	25	52	+1n	5.3E+06
50	20	1	80	52	+2n	3.4E+05
40	21	0.2	50	48	p,n	3.8E+04
41	21	50	80	48	+1p	1.5E+07
42	21	3	50	48	p,n	5.7E+05
43	21	50	80	48	+1p	1.5E+07
44	21	50	80	48	+1p	1.5E+07
46	21	50	29	48	+1n	5.5E+06
47	21	50	80	48	+1p	1.5E+07
48	21	10	50	48	-1p	1.9E+06
49	21	50	80	48	+1p	1.5E+07
50	21	1	50	48	n,p	1.9E+05
42	22	1	80	43	+2p	2.8E+05
44	22	1	80	43	+2p	2.8E+05
45	22	10	30	43	+1n	1.0E+06
51	22	50	23	43	+1n	3.9E+06
52	22	1	80	43	+2n	2.8E+05
46	23	3	50	38	p,n	4.6E+05
47	23	50	80	38	+1p	1.2E+07
48	23	50	80	38	+1p	1.2E+07
49	23	50	80	38	+1p	1.2E+07
52	23	50	22	38	+1n	3.3E+06
53	23	10	50	38	-1p	1.5E+06
54	23	0.05	50	38	n,p	7.7E+03
48	24	1	80	34	+2p	2.1E+05
49	24	10	25	34	+1n	6.8E+05
51	24	50	80	34	+1p	1.1E+07
55	24	50	18	34	+1n	2.4E+06
56	24	1	80	34	+2n	2.1E+05
50	25	2	50	29	p,n	2.3E+05
51	25	50	80	29	+1p	9.2E+06
52	25	2	50	29	p,n	2.3E+05
53	25	50	80	29	+1p	9.2E+06
54	25	50	80	29	+1p	9.2E+06
56	25	50	17	29	+1n	1.9E+06
57	25	10	50	29	-1p	1.2E+06
58	25	0.05	50	29	n,p	5.8E+03
52	26	1	80	24	+2p	1.5E+05
53	26	10	20	24	+1n	3.9E+05
55	26	50	18	24	+1n	1.7E+06
59	26	50	13	24	+1n	1.3E+06
60	26	0.5	80	24	+2n	7.7E+04
61	26	0.2	50	24	-2p	1.9E+04
62	26	0.2	50	24	-2p	1.9E+04
54	27	2	50	19	p,n	1.5E+05
55	27	50	80	19	+1p	6.2E+06
56	27	2	50	19	p,n	1.5E+05
57	27	50	80	19	+1p	6.2E+06
58	27	50	80	19	+1p	6.2E+06
60	27	50	12	19	+1n	9.2E+05
61	27	10	50	19	-1p	7.7E+05
62	27	20	50	19	-1p	1.5E+06
63	27	10	50	19	-1p	7.7E+05
64	27	0.05	50	19	n,p	3.9E+03
56	28	1	80	14	+2p	9.3E+04
57	28	10	16	14	+1n	1.8E+05
59	28	50	13	14	+1n	7.7E+05
63	28	50	8	14	+1n	4.9E+05
65	28	50	6	14	+1n	3.5E+05
66	28	1	80	14	+2n	9.3E+04
59	29	50	13	10	+1n	5.2E+05
61	29	50	11	10	+1n	4.2E+05
60	30	1	80	5	+2p	3.2E+04
62	30	1	80	5	+2p	3.2E+04