   1.000   3.036300
   2.000   2.914100
   3.000   2.719000
   4.000   2.463200
   5.000   2.162500
   6.000   1.834600
   7.000   1.498300
   8.000   1.172000
   9.000   0.871800
  10.000   0.611320
  11.000   0.400240
  12.000   0.244170
  13.000   0.144490
  14.000   0.098619
  15.000   0.100620
  16.000   0.141950
  17.000   0.212380
  18.000   0.300960
  19.000   0.396910
  20.000   0.490420
  21.000   0.573270
  22.000   0.639240
  23.000   0.684270
  24.000   0.706520
  25.000   0.706160
  26.000   0.685030
  27.000   0.646290
  28.000   0.593940
  29.000   0.532420
  30.000   0.466130
  31.000   0.399190
  32.000   0.335080
  33.000   0.276550
  34.000   0.225520
  35.000   0.183040
  36.000   0.149400
  37.000   0.124260
  38.000   0.106720
  39.000   0.095573
  40.000   0.089398
  41.000   0.086742
  42.000   0.086228
  43.000   0.086653
  44.000   0.087052
  45.000   0.086730
  46.000   0.085267
  47.000   0.082502
  48.000   0.078494
  49.000   0.073477
  50.000   0.067805
  51.000   0.061900
  52.000   0.056199
  53.000   0.051111
  54.000   0.046984
  55.000   0.044074
  56.000   0.042541
  57.000   0.042434
  58.000   0.043701
  59.000   0.046202
  60.000   0.049718
  61.000   0.053979
  62.000   0.058680
  63.000   0.063503
  64.000   0.068140
  65.000   0.072305
  66.000   0.075750
  67.000   0.078277
  68.000   0.079741
  69.000   0.080057
  70.000   0.079195
  71.000   0.077180
  72.000   0.074085
  73.000   0.070024
  74.000   0.065143
  75.000   0.059611
  76.000   0.053612
  77.000   0.047337
  78.000   0.040973
  79.000   0.034698
  80.000   0.028677
  81.000   0.023052
  82.000   0.017945
  83.000   0.013451
  84.000   0.009642
  85.000   0.006559
  86.000   0.004223
  87.000   0.002628
  88.000   0.001748
  89.000   0.001538
  90.000   0.001937
  91.000   0.002873
  92.000   0.004262
  93.000   0.006017
  94.000   0.008045
  95.000   0.010254
  96.000   0.012554
  97.000   0.014859
  98.000   0.017091
  99.000   0.019180
 100.000   0.021062
 101.000   0.022689
 102.000   0.024019
 103.000   0.025024
 104.000   0.025686
 105.000   0.025999
 106.000   0.025965
 107.000   0.025597
 108.000   0.024917
 109.000   0.023951
 110.000   0.022735
 111.000   0.021307
 112.000   0.019709
 113.000   0.017984
 114.000   0.016177
 115.000   0.014331
 116.000   0.012490
 117.000   0.010692
 118.000   0.008973
 119.000   0.007366
 120.000   0.005897
 121.000   0.004591
 122.000   0.003463
 123.000   0.002528
 124.000   0.001793
 125.000   0.001260
 126.000   0.000929
 127.000   0.000794
 128.000   0.000846
 129.000   0.001074
 130.000   0.001463
 131.000   0.001995
 132.000   0.002651
 133.000   0.003412
 134.000   0.004255
 135.000   0.005158
 136.000   0.006099
 137.000   0.007054
 138.000   0.008000
 139.000   0.008915
 140.000   0.009777
 141.000   0.010566
 142.000   0.011262
 143.000   0.011847
 144.000   0.012308
 145.000   0.012632
 146.000   0.012810
 147.000   0.012836
 148.000   0.012709
 149.000   0.012431
 150.000   0.012010
 151.000   0.011456
 152.000   0.010785
 153.000   0.010016
 154.000   0.009173
 155.000   0.008283
 156.000   0.007372
 157.000   0.006471
 158.000   0.005611
 159.000   0.004822
 160.000   0.004130
 161.000   0.003561
 162.000   0.003137
 163.000   0.002874
 164.000   0.002782
 165.000   0.002868
 166.000   0.003127
 167.000   0.003553
 168.000   0.004130
 169.000   0.004837
 170.000   0.005648
 171.000   0.006533
 172.000   0.007456
 173.000   0.008384
 174.000   0.009278
 175.000   0.010105
 176.000   0.010832
 177.000   0.011430
 178.000   0.011875
 179.000   0.012149
 180.000   0.012242
