   1.000    0.127510 
   2.000    0.127880 
   3.000    0.128880 
   4.000    0.130990 
   5.000    0.134810 
   6.000    0.140930 
   7.000    0.149850 
   8.000    0.161920 
   9.000    0.177200 
  10.000    0.195500 
  11.000    0.216300 
  12.000    0.238780 
  13.000    0.261910 
  14.000    0.284480 
  15.000    0.305220 
  16.000    0.322890 
  17.000    0.336400 
  18.000    0.344880 
  19.000    0.347750 
  20.000    0.344760 
  21.000    0.336020 
  22.000    0.321960 
  23.000    0.303300 
  24.000    0.280990 
  25.000    0.256120 
  26.000    0.229870 
  27.000    0.203380 
  28.000    0.177730 
  29.000    0.153820 
  30.000    0.132410 
  31.000    0.113980 
  32.000    0.098832 
  33.000    0.087023 
  34.000    0.078420 
  35.000    0.072727 
  36.000    0.069521 
  37.000    0.068301 
  38.000    0.068529 
  39.000    0.069670 
  40.000    0.071225 
  41.000    0.072763 
  42.000    0.073934 
  43.000    0.074484 
  44.000    0.074255 
  45.000    0.073182 
  46.000    0.071286 
  47.000    0.068652 
  48.000    0.065422 
  49.000    0.061771 
  50.000    0.057892 
  51.000    0.053979 
  52.000    0.050212 
  53.000    0.046750 
  54.000    0.043718 
  55.000    0.041205 
  56.000    0.039262 
  57.000    0.037901 
  58.000    0.037101 
  59.000    0.036809 
  60.000    0.036952 
  61.000    0.037436 
  62.000    0.038159 
  63.000    0.039017 
  64.000    0.039905 
  65.000    0.040729 
  66.000    0.041405 
  67.000    0.041865 
  68.000    0.042059 
  69.000    0.041952 
  70.000    0.041528 
  71.000    0.040788 
  72.000    0.039746 
  73.000    0.038430 
  74.000    0.036877 
  75.000    0.035131 
  76.000    0.033241 
  77.000    0.031259 
  78.000    0.029234 
  79.000    0.027214 
  80.000    0.025243 
  81.000    0.023358 
  82.000    0.021591 
  83.000    0.019967 
  84.000    0.018503 
  85.000    0.017210 
  86.000    0.016091 
  87.000    0.015145 
  88.000    0.014363 
  89.000    0.013736 
  90.000    0.013248 
  91.000    0.012883 
  92.000    0.012620 
  93.000    0.012442 
  94.000    0.012330 
  95.000    0.012264 
  96.000    0.012229 
  97.000    0.012210 
  98.000    0.012194 
  99.000    0.012171 
 100.000    0.012133 
 101.000    0.012075 
 102.000    0.011994 
 103.000    0.011888 
 104.000    0.011760 
 105.000    0.011611 
 106.000    0.011445 
 107.000    0.011267 
 108.000    0.011082 
 109.000    0.010896 
 110.000    0.010713 
 111.000    0.010538 
 112.000    0.010375 
 113.000    0.010226 
 114.000    0.010094 
 115.000    0.009979 
 116.000    0.009879 
 117.000    0.009794 
 118.000    0.009720 
 119.000    0.009653 
 120.000    0.009588 
 121.000    0.009519 
 122.000    0.009442 
 123.000    0.009349 
 124.000    0.009237 
 125.000    0.009100 
 126.000    0.008933 
 127.000    0.008736 
 128.000    0.008504 
 129.000    0.008240 
 130.000    0.007944 
 131.000    0.007620 
 132.000    0.007272 
 133.000    0.006906 
 134.000    0.006531 
 135.000    0.006156 
 136.000    0.005790 
 137.000    0.005443 
 138.000    0.005126 
 139.000    0.004850 
 140.000    0.004625 
 141.000    0.004459 
 142.000    0.004361 
 143.000    0.004336 
 144.000    0.004390 
 145.000    0.004524 
 146.000    0.004738 
 147.000    0.005031 
 148.000    0.005397 
 149.000    0.005831 
 150.000    0.006322 
 151.000    0.006860 
 152.000    0.007432 
 153.000    0.008025 
 154.000    0.008623 
 155.000    0.009213 
 156.000    0.009778 
 157.000    0.010305 
 158.000    0.010779 
 159.000    0.011189 
 160.000    0.011524 
 161.000    0.011777 
 162.000    0.011941 
 163.000    0.012014 
 164.000    0.011995 
 165.000    0.011887 
 166.000    0.011695 
 167.000    0.011427 
 168.000    0.011094 
 169.000    0.010706 
 170.000    0.010280 
 171.000    0.009828 
 172.000    0.009368 
 173.000    0.008915 
 174.000    0.008485 
 175.000    0.008093 
 176.000    0.007752 
 177.000    0.007474 
 178.000    0.007268 
 179.000    0.007142 
 180.000    0.007099 
