   1.000   48.113000   
   2.000   48.491000   
   3.000   49.032000   
   4.000   49.612000   
   5.000   50.082000   
   6.000   50.282000   
   7.000   50.065000   
   8.000   49.308000   
   9.000   47.934000   
  10.000   45.909000   
  11.000   43.253000   
  12.000   40.035000   
  13.000   36.362000   
  14.000   32.370000   
  15.000   28.214000   
  16.000   24.051000   
  17.000   20.029000   
  18.000   16.280000   
  19.000   12.908000   
  20.000    9.986300   
  21.000    7.557200   
  22.000    5.631200   
  23.000    4.191100   
  24.000    3.196800   
  25.000    2.591200   
  26.000    2.306500   
  27.000    2.270300   
  28.000    2.410900   
  29.000    2.661800   
  30.000    2.965200   
  31.000    3.274000   
  32.000    3.552700   
  33.000    3.777600   
  34.000    3.935600   
  35.000    4.023200   
  36.000    4.044400   
  37.000    4.008500   
  38.000    3.928700   
  39.000    3.819600   
  40.000    3.695900   
  41.000    3.571300   
  42.000    3.457000   
  43.000    3.361700   
  44.000    3.290800   
  45.000    3.247000   
  46.000    3.230000   
  47.000    3.236900   
  48.000    3.263100   
  49.000    3.302500   
  50.000    3.348500   
  51.000    3.393900   
  52.000    3.432000   
  53.000    3.456800   
  54.000    3.463200   
  55.000    3.447500   
  56.000    3.407100   
  57.000    3.341100   
  58.000    3.249600   
  59.000    3.134200   
  60.000    2.997500   
  61.000    2.842700   
  62.000    2.673800   
  63.000    2.495000   
  64.000    2.310800   
  65.000    2.125500   
  66.000    1.943100   
  67.000    1.767300   
  68.000    1.601200   
  69.000    1.447300   
  70.000    1.307500   
  71.000    1.183200   
  72.000    1.075000   
  73.000    0.982920   
  74.000    0.906650   
  75.000    0.845330   
  76.000    0.797790   
  77.000    0.762580   
  78.000    0.738060   
  79.000    0.722500   
  80.000    0.714100   
  81.000    0.711110   
  82.000    0.711850   
  83.000    0.714750   
  84.000    0.718410   
  85.000    0.721590   
  86.000    0.723260   
  87.000    0.722610   
  88.000    0.719020   
  89.000    0.712060   
  90.000    0.701500   
  91.000    0.687300   
  92.000    0.669530   
  93.000    0.648430   
  94.000    0.624320   
  95.000    0.597620   
  96.000    0.568780   
  97.000    0.538310   
  98.000    0.506730   
  99.000    0.474550   
 100.000    0.442270   
 101.000    0.410340   
 102.000    0.379190   
 103.000    0.349190   
 104.000    0.320660   
 105.000    0.293860   
 106.000    0.269000   
 107.000    0.246240   
 108.000    0.225660   
 109.000    0.207320   
 110.000    0.191220   
 111.000    0.177320   
 112.000    0.165560   
 113.000    0.155830   
 114.000    0.148000   
 115.000    0.141930   
 116.000    0.137470   
 117.000    0.134430   
 118.000    0.132670   
 119.000    0.131990   
 120.000    0.132240   
 121.000    0.133240   
 122.000    0.134850   
 123.000    0.136910   
 124.000    0.139290   
 125.000    0.141860   
 126.000    0.144500   
 127.000    0.147110   
 128.000    0.149570   
 129.000    0.151810   
 130.000    0.153730   
 131.000    0.155270   
 132.000    0.156370   
 133.000    0.156960   
 134.000    0.157010   
 135.000    0.156470   
 136.000    0.155320   
 137.000    0.153560   
 138.000    0.151170   
 139.000    0.148190   
 140.000    0.144640   
 141.000    0.140560   
 142.000    0.136000   
 143.000    0.131060   
 144.000    0.125800   
 145.000    0.120320   
 146.000    0.114730   
 147.000    0.109150   
 148.000    0.103690   
 149.000    0.098477   
 150.000    0.093621   
 151.000    0.089239   
 152.000    0.085438   
 153.000    0.082311   
 154.000    0.079941   
 155.000    0.078391   
 156.000    0.077709   
 157.000    0.077920   
 158.000    0.079033   
 159.000    0.081032   
 160.000    0.083885   
 161.000    0.087538   
 162.000    0.091923   
 163.000    0.096953   
 164.000    0.102530   
 165.000    0.108550   
 166.000    0.114900   
 167.000    0.121460   
 168.000    0.128100   
 169.000    0.134720   
 170.000    0.141190   
 171.000    0.147400   
 172.000    0.153240   
 173.000    0.158640   
 174.000    0.163490   
 175.000    0.167720   
 176.000    0.171270   
 177.000    0.174090   
 178.000    0.176130   
 179.000    0.177360   
 180.000    0.177780   
