   1.000    8.181600     
   2.000    8.195300     
   3.000    8.220000     
   4.000    8.258500     
   5.000    8.314300     
   6.000    8.391400     
   7.000    8.494300     
   8.000    8.626700     
   9.000    8.792100     
  10.000    8.992000     
  11.000    9.226500     
  12.000    9.493000     
  13.000    9.786600     
  14.000   10.099000     
  15.000   10.421000     
  16.000   10.740000     
  17.000   11.041000     
  18.000   11.310000     
  19.000   11.531000     
  20.000   11.692000     
  21.000   11.778000     
  22.000   11.779000     
  23.000   11.690000     
  24.000   11.504000     
  25.000   11.224000     
  26.000   10.852000     
  27.000   10.394000     
  28.000    9.862800     
  29.000    9.269200     
  30.000    8.628400     
  31.000    7.955900     
  32.000    7.267800     
  33.000    6.579900     
  34.000    5.906700     
  35.000    5.261500     
  36.000    4.655100     
  37.000    4.096300     
  38.000    3.591500     
  39.000    3.144300     
  40.000    2.756200     
  41.000    2.426500     
  42.000    2.152500     
  43.000    1.930000     
  44.000    1.753800     
  45.000    1.617900     
  46.000    1.515700     
  47.000    1.440800     
  48.000    1.387000     
  49.000    1.348400     
  50.000    1.320100     
  51.000    1.297800     
  52.000    1.278200     
  53.000    1.258600     
  54.000    1.237600     
  55.000    1.214300     
  56.000    1.188500     
  57.000    1.160500     
  58.000    1.131300     
  59.000    1.101800     
  60.000    1.073400     
  61.000    1.047100     
  62.000    1.024200     
  63.000    1.005500     
  64.000    0.991720     
  65.000    0.983320     
  66.000    0.980370     
  67.000    0.982660     
  68.000    0.989720     
  69.000    1.000800     
  70.000    1.015100     
  71.000    1.031500     
  72.000    1.048800     
  73.000    1.066000     
  74.000    1.081900     
  75.000    1.095600     
  76.000    1.106100     
  77.000    1.112800     
  78.000    1.115000     
  79.000    1.112500     
  80.000    1.105000     
  81.000    1.092600     
  82.000    1.075700     
  83.000    1.054400     
  84.000    1.029500     
  85.000    1.001500     
  86.000    0.971110     
  87.000    0.939160     
  88.000    0.906410     
  89.000    0.873620     
  90.000    0.841520     
  91.000    0.810750     
  92.000    0.781900     
  93.000    0.755430     
  94.000    0.731700     
  95.000    0.710960     
  96.000    0.693350     
  97.000    0.678900     
  98.000    0.667530     
  99.000    0.659080     
 100.000    0.653300     
 101.000    0.649890     
 102.000    0.648490     
 103.000    0.648710     
 104.000    0.650150     
 105.000    0.652370     
 106.000    0.654980     
 107.000    0.657580     
 108.000    0.659810     
 109.000    0.661340     
 110.000    0.661900     
 111.000    0.661240     
 112.000    0.659200     
 113.000    0.655630     
 114.000    0.650480     
 115.000    0.643700     
 116.000    0.635320     
 117.000    0.625420     
 118.000    0.614080     
 119.000    0.601460     
 120.000    0.587710     
 121.000    0.573020     
 122.000    0.557610     
 123.000    0.541680     
 124.000    0.525470     
 125.000    0.509210     
 126.000    0.493100     
 127.000    0.477370     
 128.000    0.462220     
 129.000    0.447840     
 130.000    0.434400     
 131.000    0.422050     
 132.000    0.410920     
 133.000    0.401120     
 134.000    0.392720     
 135.000    0.385780     
 136.000    0.380350     
 137.000    0.376420     
 138.000    0.373980     
 139.000    0.373010     
 140.000    0.373460     
 141.000    0.375240     
 142.000    0.378270     
 143.000    0.382460     
 144.000    0.387690     
 145.000    0.393830     
 146.000    0.400760     
 147.000    0.408350     
 148.000    0.416450     
 149.000    0.424930     
 150.000    0.433660     
 151.000    0.442500     
 152.000    0.451330     
 153.000    0.460030     
 154.000    0.468500     
 155.000    0.476620     
 156.000    0.484320     
 157.000    0.491510     
 158.000    0.498130     
 159.000    0.504130     
 160.000    0.509470     
 161.000    0.514130     
 162.000    0.518110     
 163.000    0.521390     
 164.000    0.524010     
 165.000    0.525990     
 166.000    0.527370     
 167.000    0.528200     
 168.000    0.528550     
 169.000    0.528480     
 170.000    0.528060     
 171.000    0.527380     
 172.000    0.526500     
 173.000    0.525510     
 174.000    0.524480     
 175.000    0.523470     
 176.000    0.522560     
 177.000    0.521790     
 178.000    0.521200     
 179.000    0.520840     
 180.000    0.520720     
