   0.50    0.3647E+15
   1.00    0.6294E+09
   2.00    0.3962E+08
   3.00    0.7875E+07
   4.00    0.2490E+07
   5.00    0.1010E+07
   6.00    0.4778E+06
   7.00    0.2509E+06
   8.00    0.1420E+06
   9.00    0.8507E+05
  10.00    0.5334E+05
  11.00    0.3472E+05
  12.00    0.2334E+05
  13.00    0.1615E+05
  14.00    0.1147E+05
  15.00     8358.    
  16.00     6236.    
  17.00     4763.    
  18.00     3721.    
  19.00     2969.    
  20.00     2419.    
  21.00     2007.    
  22.00     1695.    
  23.00     1453.    
  24.00     1262.    
  25.00     1108.    
  26.00     982.2    
  27.00     877.3    
  28.00     788.5    
  29.00     712.1    
