   Angel Ex=0.000(0g9/2)AK
   1.000          6.206900
   2.000          6.237600
   3.000          6.287000
   4.000          6.352900
   5.000          6.432700
   6.000          6.524000
   7.000          6.624300
   8.000          6.731700
   9.000          6.844300
  10.000          6.960600
  11.000          7.079000
  12.000          7.198200
  13.000          7.316800
  14.000          7.433600
  15.000          7.547400
  16.000          7.656900
  17.000          7.761200
  18.000          7.859000
  19.000          7.949500
  20.000          8.031700
  21.000          8.104800
  22.000          8.167800
  23.000          8.220200
  24.000          8.261100
  25.000          8.289800
  26.000          8.305700
  27.000          8.308000
  28.000          8.296200
  29.000          8.269500
  30.000          8.227400
  31.000          8.169200
  32.000          8.094400
  33.000          8.002700
  34.000          7.893800
  35.000          7.767500
  36.000          7.623800
  37.000          7.463100
  38.000          7.285800
  39.000          7.092500
  40.000          6.884300
  41.000          6.662300
  42.000          6.427900
  43.000          6.182400
  44.000          5.927600
  45.000          5.665300
  46.000          5.397100
  47.000          5.125100
  48.000          4.850900
  49.000          4.576400
  50.000          4.303300
  51.000          4.033300
  52.000          3.767900
  53.000          3.508500
  54.000          3.256500
  55.000          3.013100
  56.000          2.779500
  57.000          2.556600
  58.000          2.345300
  59.000          2.146400
  60.000          1.960700
  61.000          1.788500
  62.000          1.630400
  63.000          1.486500
  64.000          1.357100
  65.000          1.242100
  66.000          1.141300
  67.000          1.054500
  68.000          0.981220
  69.000          0.920840
  70.000          0.872670
  71.000          0.835920
  72.000          0.809690
  73.000          0.793020
  74.000          0.784900
  75.000          0.784300
  76.000          0.790150
  77.000          0.801440
  78.000          0.817140
  79.000          0.836280
  80.000          0.857940
  81.000          0.881250
  82.000          0.905400
  83.000          0.929670
  84.000          0.953380
  85.000          0.975960
  86.000          0.996870
  87.000          1.015700
  88.000          1.032000
  89.000          1.045500
  90.000          1.056100
  91.000          1.063400
  92.000          1.067500
  93.000          1.068300
  94.000          1.065800
  95.000          1.060200
  96.000          1.051400
  97.000          1.039800
  98.000          1.025500
  99.000          1.008800
 100.000          0.989980
 101.000          0.969240
 102.000          0.946890
 103.000          0.923240
 104.000          0.898570
 105.000          0.873160
 106.000          0.847280
 107.000          0.821170
 108.000          0.795060
 109.000          0.769180
 110.000          0.743720
 111.000          0.718840
 112.000          0.694700
 113.000          0.671420
 114.000          0.649110
 115.000          0.627850
 116.000          0.607720
 117.000          0.588760
 118.000          0.570990
 119.000          0.554430
 120.000          0.539060
 121.000          0.524880
 122.000          0.511840
 123.000          0.499910
 124.000          0.489030
 125.000          0.479160
 126.000          0.470220
 127.000          0.462170
 128.000          0.454930
 129.000          0.448450
 130.000          0.442670
 131.000          0.437540
 132.000          0.433010
 133.000          0.429040
 134.000          0.425590
 135.000          0.422630
 136.000          0.420120
 137.000          0.418040
 138.000          0.416380
 139.000          0.415120
 140.000          0.414240
 141.000          0.413740
 142.000          0.413610
 143.000          0.413860
 144.000          0.414470
 145.000          0.415460
 146.000          0.416820
 147.000          0.418570
 148.000          0.420690
 149.000          0.423200
 150.000          0.426100
 151.000          0.429370
 152.000          0.433030
 153.000          0.437050
 154.000          0.441420
 155.000          0.446140
 156.000          0.451160
 157.000          0.456480
 158.000          0.462050
 159.000          0.467850
 160.000          0.473840
 161.000          0.479970
 162.000          0.486220
 163.000          0.492520
 164.000          0.498840
 165.000          0.505140
 166.000          0.511350
 167.000          0.517430
 168.000          0.523340
 169.000          0.529020
 170.000          0.534420
 171.000          0.539490
 172.000          0.544190
 173.000          0.548460
 174.000          0.552260
 175.000          0.555550
 176.000          0.558300
 177.000          0.560470
 178.000          0.562040
 179.000          0.563000
 180.000          0.563310
