   Angel Ex=0.000(0d5/2)AK 
   1.000         90.702000 
   2.000         90.107000 
   3.000         89.134000 
   4.000         87.805000 
   5.000         86.152000 
   6.000         84.209000 
   7.000         82.014000 
   8.000         79.604000 
   9.000         77.015000 
  10.000         74.278000 
  11.000         71.422000 
  12.000         68.471000 
  13.000         65.447000 
  14.000         62.365000 
  15.000         59.240000 
  16.000         56.083000 
  17.000         52.905000 
  18.000         49.714000 
  19.000         46.520000 
  20.000         43.332000 
  21.000         40.161000 
  22.000         37.020000 
  23.000         33.924000 
  24.000         30.888000 
  25.000         27.930000 
  26.000         25.071000 
  27.000         22.329000 
  28.000         19.724000 
  29.000         17.275000 
  30.000         14.997000 
  31.000         12.906000 
  32.000         11.009000 
  33.000          9.314200 
  34.000          7.821800 
  35.000          6.529400 
  36.000          5.430000 
  37.000          4.513400 
  38.000          3.766400 
  39.000          3.173600 
  40.000          2.718500 
  41.000          2.384000 
  42.000          2.153300 
  43.000          2.010200 
  44.000          1.939900 
  45.000          1.929000 
  46.000          1.965500 
  47.000          2.039000 
  48.000          2.140500 
  49.000          2.262400 
  50.000          2.397700 
  51.000          2.540500 
  52.000          2.685500 
  53.000          2.827800 
  54.000          2.962900 
  55.000          3.087100 
  56.000          3.196500 
  57.000          3.288400 
  58.000          3.360400 
  59.000          3.410700 
  60.000          3.438500 
  61.000          3.443700 
  62.000          3.427000 
  63.000          3.389900 
  64.000          3.334400 
  65.000          3.263200 
  66.000          3.179100 
  67.000          3.085200 
  68.000          2.984600 
  69.000          2.880200 
  70.000          2.774600 
  71.000          2.670200 
  72.000          2.568700 
  73.000          2.471700 
  74.000          2.380200 
  75.000          2.295000 
  76.000          2.216500 
  77.000          2.145100 
  78.000          2.080900 
  79.000          2.023900 
  80.000          1.973900 
  81.000          1.931000 
  82.000          1.894900 
  83.000          1.865500 
  84.000          1.842500 
  85.000          1.825400 
  86.000          1.813800 
  87.000          1.807200 
  88.000          1.805000 
  89.000          1.806400 
  90.000          1.810500 
  91.000          1.816700 
  92.000          1.824100 
  93.000          1.831800 
  94.000          1.839100 
  95.000          1.845200 
  96.000          1.849600 
  97.000          1.851600 
  98.000          1.850800 
  99.000          1.846900 
 100.000          1.839500 
 101.000          1.828600 
 102.000          1.813900 
 103.000          1.795500 
 104.000          1.773300 
 105.000          1.747500 
 106.000          1.718200 
 107.000          1.685600 
 108.000          1.649900 
 109.000          1.611500 
 110.000          1.570600 
 111.000          1.527700 
 112.000          1.483100 
 113.000          1.437200 
 114.000          1.390400 
 115.000          1.343000 
 116.000          1.295500 
 117.000          1.248300 
 118.000          1.201500 
 119.000          1.155500 
 120.000          1.110500 
 121.000          1.066900 
 122.000          1.024600 
 123.000          0.984120 
 124.000          0.945440 
 125.000          0.908800 
 126.000          0.874370 
 127.000          0.842300 
 128.000          0.812770 
 129.000          0.785910 
 130.000          0.761850 
 131.000          0.740680 
 132.000          0.722480 
 133.000          0.707290 
 134.000          0.695080 
 135.000          0.685840 
 136.000          0.679480 
 137.000          0.675890 
 138.000          0.674980 
 139.000          0.676580 
 140.000          0.680580 
 141.000          0.686820 
 142.000          0.695190 
 143.000          0.705540 
 144.000          0.717780 
 145.000          0.731780 
 146.000          0.747450 
 147.000          0.764670 
 148.000          0.783350 
 149.000          0.803340 
 150.000          0.824520 
 151.000          0.846730 
 152.000          0.869800 
 153.000          0.893540 
 154.000          0.917750 
 155.000          0.942230 
 156.000          0.966770 
 157.000          0.991190 
 158.000          1.015300 
 159.000          1.038900 
 160.000          1.062000 
 161.000          1.084300 
 162.000          1.105800 
 163.000          1.126400 
 164.000          1.146100 
 165.000          1.164900 
 166.000          1.182800 
 167.000          1.199600 
 168.000          1.215500 
 169.000          1.230500 
 170.000          1.244300 
 171.000          1.257100 
 172.000          1.268900 
 173.000          1.279400 
 174.000          1.288700 
 175.000          1.296700 
 176.000          1.303400 
 177.000          1.308700 
 178.000          1.312500 
 179.000          1.314800 
 180.000          1.315600 
